salloc --nodes=2 -t 1:00:00 -A edu23.DD2356 -p shared --ntasks-per-node=1 --cpus-per-task=1
srun -n 2 --ntasks-per-node=1 ./ping_pong
	8	    0.000001869
        16	    0.000001856
        32	    0.000001899
        64	    0.000001892
       128	    0.000002486
       256	    0.000002519
       512	    0.000002702
      1024	    0.000002597
      2048	    0.000002843
      4096	    0.000002919
      8192	    0.000003202
     16384	    0.000003564
     32768	    0.000006260
     65536	    0.000007692
    131072	    0.000010302
    262144	    0.000015636
    524288	    0.000026615
   1048576	    0.000048855
   2097152	    0.000091859
   4194304	    0.000178820
   8388608	    0.000352790
  16777216	    0.000701736
  33554432	    0.001399160
  67108864	    0.002807126
 134217728	    0.005605746
 268435456	    0.011206299
 536870912	    0.022406424
1073741824	    0.044807718

