salloc --nodes=1 -t 1:00:00 -A edu23.DD2356 -p shared --ntasks-per-node=2 --cpus-per-task=1
srun -n 2 ./ping_pong
	8	    0.000001381
        16	    0.000000674
        32	    0.000000577
        64	    0.000000583
       128	    0.000000616
       256	    0.000000703
       512	    0.000000962
      1024	    0.000001329
      2048	    0.000001860
      4096	    0.000002860
      8192	    0.000002241
     16384	    0.000003356
     32768	    0.000006141
     65536	    0.000011268
    131072	    0.000021943
    262144	    0.000041061
    524288	    0.000080201
   1048576	    0.000159399
   2097152	    0.000330133
   4194304	    0.000627778
   8388608	    0.001250393
  16777216	    0.001817576
  33554432	    0.002674979
  67108864	    0.004702990
 134217728	    0.008534922
 268435456	    0.016322212
 536870912	    0.031392334
1073741824	    0.063217871

